2015 01 04 02 15
2015 01 06 17 37
2015 01 08 14 46
2015 01 18 07 46
2015 01 21 20 49
2015 01 22 01 54
2015 01 23 16 00
2015 01 27 13 50
2015 02 06 19 37
2015 02 08 08 33
2015 02 13 10 40
2015 02 14 04 40
2015 02 15 17 29
2015 02 23 16 38
2015 02 27 18 37
2015 03 08 12 48
2015 03 09 05 44
2015 03 15 00 51
2015 03 26 00 54
2015 04 07 14 01
2015 04 08 04 09
2015 04 13 06 04
2015 04 16 22 53
2015 05 05 14 55
2015 05 23 11 19
2015 05 28 12 39
2015 06 02 13 57
2015 06 03 16 17
2015 06 11 14 47
2015 09 17 13 05
2015 10 01 22 16
2015 10 05 23 24
2015 10 16 19 08
2015 10 19 20 33
2015 10 22 03 10
2015 10 23 13 05
2015 11 04 16 26
2015 11 05 04 13
2015 11 06 05 02
2015 11 06 12 04
2015 11 08 04 46
2015 11 09 14 51
2015 12 07 19 15
2015 12 10 12 04
2015 12 17 22 20
2016 01 06 16 22
2016 01 10 11 32
2016 01 12 15 38
2016 01 13 05 08
2016 01 24 14 14
2016 01 26 18 32
2016 02 03 00 44
2016 02 05 19 32
2016 02 10 23 35
2016 03 21 22 29
2016 03 26 17 32
2016 04 16 08 55
2016 04 22 03 32
2016 05 04 01 55
2016 05 08 00 19
2016 05 08 07 10
2016 05 11 07 41
2016 05 13 03 10
2016 05 17 06 30
2016 05 28 08 21
2016 06 14 12 37
2016 06 16 13 14
2016 06 18 05 29
2016 07 08 13 28
2016 07 27 07 09
2016 08 01 07 06
2016 08 01 15 41
2016 08 04 07 37
2016 08 20 17 32
2016 08 21 04 09
2016 09 02 16 04
2016 09 07 05 40
2016 09 11 16 31
2016 10 01 09 03
2016 11 02 23 59
2016 11 07 13 42
2016 11 12 00 33
2016 11 24 09 54
2016 11 28 02 46
2016 12 24 20 01
2016 12 27 06 01
2017 01 01 20 29
2017 01 01 21 40
2017 01 03 07 00
2017 01 07 09 49
2017 01 16 03 39
2017 01 25 11 59
2017 02 13 08 02
2017 03 09 00 31
2017 03 10 10 27
2017 03 10 12 38
2017 03 15 15 48
2017 04 26 03 05
2017 04 26 07 35
2017 05 08 07 05
2017 05 28 23 10
2017 06 16 05 26
2017 06 23 07 13
2017 06 28 16 49
2017 07 23 02 04
2017 07 24 20 37
2017 08 15 15 01
2017 08 27 08 17
2017 09 11 05 03
2017 09 20 08 42
2017 09 21 19 28
2017 09 25 17 53
2017 10 02 02 23
2017 10 11 06 23
2017 10 21 09 04
2017 11 02 13 46
2017 11 13 09 02
2017 12 05 02 21
2017 12 06 06 05
2017 12 10 03 38
2018 02 09 02 47
2018 02 23 14 25
2018 02 27 06 25
2018 02 27 14 03
2018 03 06 21 32
2018 03 06 23 41
2018 03 11 22 17
2018 03 23 14 41
2018 04 09 13 30
2018 04 15 16 08
2018 04 23 15 00
2018 05 03 17 24
2018 05 07 21 14
2018 05 14 02 28
2018 05 27 20 29
2018 06 02 14 04
2018 06 03 23 19
2018 07 04 22 09
2018 07 07 07 20
2018 08 06 20 14
2018 08 10 17 28
2018 08 12 12 34
2018 08 14 02 34
2018 08 22 18 13
2018 08 25 02 36
2018 08 26 09 36
2018 09 08 12 53
2018 09 09 14 13
2018 09 14 04 23
2018 09 23 20 55
2018 09 26 15 25
2018 10 26 06 42
2018 11 07 05 11
2018 11 13 10 11
2018 11 21 10 16
2018 11 22 18 39
2018 12 12 11 10
2018 12 15 01 18
2019 01 07 10 53
2019 01 08 22 59
2019 01 09 10 39
2019 01 09 12 57
2019 01 10 16 10
2019 02 04 01 24
2019 02 17 02 21
2019 02 23 10 55
2019 03 01 21 38
2019 03 02 01 13
2019 03 02 14 05
2019 03 12 11 03
2019 03 17 14 50
2019 03 22 12 47
2019 03 28 06 24
2019 04 10 06 34
2019 04 22 21 39
2019 04 26 17 20
2019 04 27 15 14
2019 05 02 04 20
2019 05 07 12 06
2019 05 17 20 11
2019 05 24 17 57
2019 06 01 01 31
2019 06 23 16 43
2019 07 08 05 08
2019 07 13 19 56
2019 07 15 08 11
2019 07 24 11 22
2019 08 11 13 58
2019 08 14 04 46
2019 08 25 21 30
2019 08 27 03 05
2019 09 21 07 40
2019 10 09 08 45
2019 10 17 11 32
2019 10 19 06 15
2019 10 24 19 11
2019 11 09 22 59
2019 11 21 03 21
2019 11 25 11 55
2019 12 07 18 49
